000098
000044
000046
000115
000080
000037
000010
000024
000048
000050
000104
000093
000013
000052
000021
000112
000072
000091
000035
000019
000006
000102
000095
000020
000118
000114
000028
000034
000054
000088
000094
000015
000014
000109
000058
000083
000004
000081
000082
000041
000031
000086
000063
000000
000110
000011
000001
000092
000007
000116
000066
000056
000119
000070
000026
000078
000040
000055
000105
000089
000071
000060
000042
000087
000009
000117
000039
000018
000077
000090
000068
000032
000079
000012
000096
000101
000036
000017
000064
000027
000074
000045
000061
000038
000106
000100
000051
000062
000065
000033
000005
000053
000113
000097
000049
000108
